{
 "cells": [
  {
   "cell_type": "markdown",
   "metadata": {},
   "source": [
    "# Optimal control transport of trapped ions \n",
    "Transport of trapped ions is a key tool in trapped ion experiments. The task of moving one ion from A to B in the trap can be split into a series of interconnected optimization problems.\n",
    "\n",
    "Reference: Optimal control transport of neutral atoms in optical tweezers at finite temperature, \n",
    "https://doi.org/10.1103/PhysRevResearch.6.033282\n",
    "\n",
    "1. Reproduce the optimal control transport task discussed in the paper for the case of trapped ions. Formulate the problem as the 1D transport of one particle in a harmonic potential (rather than gaussian) and find a trajectory with minimal excitation using realistic trap parameters. You can use the python package referenced in the paper https://pypi.org/project/quocs-lib/ <br>\n",
    "Bonus: transport two ions, use two control parameters (position and trap frequency), and minimize the excitation of both the COM and STR mode. \n",
    "2. Implement the transport in a realistic ion trap. Build an electrostatic model for a surface electrode trap, and find the voltage waveforms that reproduce the optimal control trajectory. I suggest using the python package pytrans https://pypi.org/project/pytrans/ (and related \n",
    "examples) \n",
    "\n",
    "By the due date please submit the presentation and the code. The final presentation will be 20 minutes long and you have to present the problem, methods and results. A final question on the program of the Quantum Information and Computing course will conclude the exam."
   ]
  },
  {
   "cell_type": "markdown",
   "metadata": {},
   "source": [
    "**Import zone**"
   ]
  },
  {
   "cell_type": "code",
   "execution_count": 5,
   "metadata": {},
   "outputs": [],
   "source": [
    "import numpy as np\n",
    "import debugger as db\n",
    "import auxiliary_functions as aux\n",
    "import matplotlib.pyplot as plt"
   ]
  },
  {
   "cell_type": "code",
   "execution_count": 30,
   "metadata": {},
   "outputs": [],
   "source": [
    "# ===========================================================================================================\n",
    "# PARAM CLASS\n",
    "# ===========================================================================================================\n",
    "\n",
    "class Param:\n",
    "  \"\"\"\n",
    "  Param: \n",
    "    Container for holding all simulation parameters.\n",
    "  \"\"\"\n",
    "  def __init__(self,\n",
    "               x_min: float,\n",
    "               x_max: float,\n",
    "               num_x: int,\n",
    "               tsim: float,\n",
    "               num_t: int,\n",
    "               im_time: bool = False) -> None:\n",
    "    \"\"\"\n",
    "    __init__ : \n",
    "      Initialize simulation parameters.\n",
    "\n",
    "    Parameters\n",
    "    ----------\n",
    "    x_min : float\n",
    "      Minimum spatial value.\n",
    "    x_max : float\n",
    "      Maximum spatial value.\n",
    "    num_x : int\n",
    "      Number of spatial grid points.\n",
    "    tsim : float\n",
    "      Total simulation time.\n",
    "    num_t : int\n",
    "      Number of time steps.\n",
    "    im_time : bool, optional\n",
    "      Whether to use imaginary time evolution. Default is False.\n",
    "    \"\"\"\n",
    "    # Initialization\n",
    "    self.x_min = x_min\n",
    "    self.x_max = x_max\n",
    "    self.num_x = num_x\n",
    "    self.tsim = tsim\n",
    "    self.num_t = num_t\n",
    "    self.im_time = im_time\n",
    "\n",
    "    # Infinitesimal quantities (space, time, momentum)\n",
    "    self.dx = (x_max - x_min) / num_x\n",
    "    self.dt = tsim / num_t\n",
    "    self.dk = 2 * np.pi / (x_max - x_min)\n",
    "\n",
    "    # Spatial grid\n",
    "    self.x = np.linspace(x_min + 0.5 * self.dx, x_max - 0.5 * self.dx, num_x)\n",
    "\n",
    "    # Momentum grid -> For FFT, frequencies are in this order\n",
    "    self.k = np.fft.fftfreq(num_x, d=self.dx) * 2 * np.pi\n",
    "\n",
    "    # validation check\n",
    "    self._validate()\n",
    "\n",
    "  def _validate(self) -> None:\n",
    "    \"\"\"\n",
    "    _validate :\n",
    "      Check for common errors in parameter initialization.\n",
    "    \"\"\"\n",
    "    if self.num_x <= 0 or self.num_t <= 0:\n",
    "      db.checkpoint(debug=True, msg1=\"INITIALIZATION\", msg2=\"ValueError: num_x and num_t must be positive integers.\", stop=True)\n",
    "    if self.x_max <= 0 or self.tsim <= 0:\n",
    "      db.checkpoint(debug=True, msg1=\"INITIALIZATION\", msg2=\"ValueError: xmax and tsim must be positive values.\", stop=True)\n",
    "      \n",
    "      \n",
    "# ===========================================================================================================\n",
    "# OPERATORS CLASS\n",
    "# ===========================================================================================================\n",
    "\n",
    "class Operators:\n",
    "  \"\"\"\n",
    "  Container for holding operators and wavefunction coefficients.\n",
    "  \"\"\"\n",
    "  def __init__(self, \n",
    "               res: int, \n",
    "               voffset: float = 0,\n",
    "               wfcoffset: float = 0,\n",
    "               omega: float = 1.0,\n",
    "               order: int = 2,\n",
    "               n_max: int = 1,\n",
    "               r_func=None, \n",
    "               par: Param = None,\n",
    "               T = 10e-6) -> None:\n",
    "    \"\"\"\n",
    "    __init__: \n",
    "      Initialize operator arrays and configure time-dependent potential \n",
    "      and wavefunction.\n",
    "\n",
    "    Parameters\n",
    "    ----------\n",
    "    res : int\n",
    "      Resolution of the spatial domain (number of grid point).\n",
    "    voffset : float, optional\n",
    "      Offset of the quadratic potential in real space. Default is 0.\n",
    "    wfcoffset : float, optional\n",
    "      Offset of the wavefunction in real space. Default is 0.\n",
    "    omega : float\n",
    "      Angular frequency of the harmonic oscillator. Default is 1.0.\n",
    "    order : int\n",
    "      Order of the finite difference approximation. Default is 2.\n",
    "    n_max : int, optional\n",
    "      Maximum order of the Hermite polynomial. Default is 0.\n",
    "    r_func : callable, optional\n",
    "      A function r_func(t) defining the time-dependent offset r(t). \n",
    "      Default is None.\n",
    "    par : Param, optional\n",
    "      Instance of the Param class containing simulation parameters, \n",
    "      used to initialize grid-related quantities. Default is None.\n",
    "    \"\"\"\n",
    "    # Initialize empty complex arrays for potential, propagators, and wavefunction\n",
    "    self.V = np.empty(res, dtype=complex)  # Potential operator\n",
    "    self.R = np.empty(res, dtype=complex)  # Real-space propagator\n",
    "    self.K = np.empty(res, dtype=complex)  # Momentum-space propagator\n",
    "    self.wfcs = np.empty((n_max+1, res), dtype=complex)  # Wavefunction coefficients\n",
    "    self.shifted_wfcs = np.empty((n_max+1, res), dtype=complex)  # Shifted wavefunction coefficients\n",
    "    \n",
    "    # Store finite temperature\n",
    "    self.T = T\n",
    "\n",
    "    # Store approximation order\n",
    "    self.order = order\n",
    "    \n",
    "    # Energy list (finite temperature case)\n",
    "    self.energies = []\n",
    "    self.rho = []\n",
    "    self.shifted_rho = []\n",
    "    \n",
    "    # Store time-dependent offset function (default to no potential if None)\n",
    "    self.r_func = r_func or (lambda t: 0)\n",
    "    \n",
    "    # Store angular frequency\n",
    "    self.omega = omega\n",
    "    \n",
    "    # Store maximum order of the Hermite polynomial\n",
    "    self.n_max = n_max\n",
    "\n",
    "    # Initialize potential and wavefunction if a Param instance is provided\n",
    "    if par is not None:\n",
    "      self._initialize_operators(par, voffset, wfcoffset, order)\n",
    "      self.calculate_energy(par)\n",
    "      self.density_matrix()\n",
    "      self.shifted_density_matrix()\n",
    "\n",
    "  def _initialize_operators(self, par: Param, voffset: float, wfcoffset: float, order: int) -> None:\n",
    "    \"\"\"\n",
    "    _initialize_operators: \n",
    "      Initialize operators and wavefunction based on the provided parameters.\n",
    "\n",
    "    Parameters\n",
    "    ----------\n",
    "    par : Param\n",
    "      Simulation parameter instance containing grid and time information.\n",
    "    voffset : float\n",
    "      Offset of the quadratic potential in real space.\n",
    "    wfcoffset : float\n",
    "      Offset of the wavefunction in real space.\n",
    "    order: int\n",
    "      Order of the finite difference approximation\n",
    "    n_max : int\n",
    "      Maximum order of the Hermite polynomial.\n",
    "      \n",
    "    Returns\n",
    "    -----------\n",
    "    None (acts in place).\n",
    "    \"\"\"    \n",
    "    # Initial time-dependent offset (at t=0)\n",
    "    r0 = self.r_func(0)\n",
    "\n",
    "    # Quadratic potential with offset\n",
    "    self.V = 0.5 * (par.x - voffset - r0) ** 2 * self.omega **2\n",
    "\n",
    "    # Wavefunction based on a harmonic oscillator eigenstate\n",
    "    self.wfcs = aux.harmonic_oscillator_spectrum(par.x - wfcoffset, self.omega, self.order, self.n_max)\n",
    "    self.shifted_wfcs = self.wfcs\n",
    "    \n",
    "    # Coefficient for imaginary or real time evolution\n",
    "    coeff = 1 if par.im_time else 1j\n",
    "\n",
    "    # Momentum and real-space propagators\n",
    "    self.K = np.exp(-0.5 * (par.k ** 2) * par.dt * coeff)\n",
    "    self.R = np.exp(-0.5 * self.V * par.dt * coeff)\n",
    "\n",
    "\n",
    "  def get_wavefunction(self, n):\n",
    "    \"\"\"Retrieve the nth wavefunction.\"\"\"\n",
    "    if n > self.n_max:\n",
    "      raise ValueError(f\"Requested wavefunction n={n} exceeds n_max={self.n_max}\")\n",
    "    return self.wfcs[:, n]\n",
    "\n",
    "\n",
    "  def calculate_energy(self, par: Param) -> float:\n",
    "    \"\"\"\n",
    "    calculate_energy:\n",
    "      Calculate the energy <Psi|H|Psi>.\n",
    "\n",
    "    Parameters\n",
    "    ----------\n",
    "    par : Param\n",
    "      Parameters of the simulation.\n",
    "\n",
    "    Returns\n",
    "    -------\n",
    "    None (acts in place).\n",
    "    \"\"\"\n",
    "    if self.energies != []:\n",
    "      self.energies = []\n",
    "    \n",
    "    for wfc in self.wfcs:\n",
    "      # Creating momentum and conjugate wavefunctions.\n",
    "      wfc_k = np.fft.fft(wfc)\n",
    "      wfc_c = np.conj(wfc)\n",
    "\n",
    "      # Finding the momentum and real-space energy terms\n",
    "      energy_k = 0.5 * wfc_c * np.fft.ifft((par.k ** 2) * wfc_k)\n",
    "      energy_r = wfc_c * self.V * wfc\n",
    "\n",
    "      # Integrating over all space (discrete sum weighted by grid spacing)\n",
    "      energy_final = (sum(energy_k + energy_r).real) * par.dx\n",
    "\n",
    "      # Store the energy in the history  \n",
    "      self.energies.append(energy_final)\n",
    "      \n",
    "  def density_matrix(self):\n",
    "    p = [np.exp(-self.energies[i] / self.T) for i in range(self.n_max + 1)]\n",
    "    p /= np.sum(p)\n",
    "    rho = 0\n",
    "    \n",
    "    for i in range(self.n_max + 1):\n",
    "      rho += p[i] * np.outer(self.wfcs[i], self.wfcs[i])\n",
    "      \n",
    "    self.rho = rho\n",
    "    \n",
    "  def shifted_density_matrix(self):\n",
    "    p = [np.exp(-self.energies[i] / self.T) for i in range(self.n_max + 1)]\n",
    "    p /= np.sum(p)\n",
    "    rho = 0\n",
    "    \n",
    "    for i in range(self.n_max + 1):\n",
    "      rho += p[i] * np.outer(self.shifted_wfcs[i], self.shifted_wfcs[i])\n",
    "      \n",
    "    self.shifted_rho = rho\n",
    "    \n",
    "  def split_op(self, par: Param) -> tuple:\n",
    "    \"\"\"\n",
    "    split_op:\n",
    "      Split operator method for time evolution for multiple wavefunctions.\n",
    "\n",
    "    Parameters\n",
    "    ----------\n",
    "    par : Param\n",
    "      Parameters of the simulation.\n",
    "    opr : Operators\n",
    "      Operators of the simulation.\n",
    "\n",
    "    Returns\n",
    "    -------\n",
    "    densities, potential, avg_position: tuple of np.ndarray\n",
    "      3D arrays containing results for all `n_max` wavefunctions:\n",
    "        - densities: Shape (n_max, 100, 2 * num_x)\n",
    "        - potential: Shape (n_max, 100, num_x)\n",
    "        - avg_position: Shape (n_max, 100)\n",
    "    \"\"\"\n",
    "    # Loop over all wavefunctions (columns in opr.wfcs)\n",
    "    for n in range(self.n_max):\n",
    "      # Loop over the number of timesteps\n",
    "      for i in range(par.num_t):\n",
    "        # Update the time-dependent potential V(x, t)\n",
    "        rt = self.r_func(i * par.dt)\n",
    "        self.V = 0.5 * (par.x - rt) ** 2 * self.omega ** 2\n",
    "\n",
    "        # Update the real space propagator\n",
    "        coeff = 1 if par.im_time else 1j\n",
    "        self.R = np.exp(-0.5 * self.V * par.dt * coeff)\n",
    "\n",
    "        # Half-step in real space\n",
    "        self.wfcs[n] *= self.R\n",
    "\n",
    "        # Full step momentum space\n",
    "        self.wfcs[n] = np.fft.fft(self.wfcs[n])\n",
    "        self.wfcs[n] *= self.K\n",
    "        self.wfcs[n] = np.fft.ifft(self.wfcs[n])\n",
    "\n",
    "        # Final half-step in real space\n",
    "        self.wfcs[n] *= self.R\n",
    "        \n",
    "        # Density for renormalization\n",
    "        density = np.abs(self.wfcs[n]) ** 2\n",
    "        \n",
    "        if par.im_time:\n",
    "          renorm_factor = np.sum(density * par.dx)\n",
    "          if renorm_factor != 0.0:\n",
    "            self.wfcs[n] /= np.sqrt(renorm_factor)\n",
    "            density = np.abs(self.wfcs[n]) ** 2\n",
    "          else:\n",
    "            db.checkpoint(debug=True, msg1=f\"RENORMALIZATION WARNING! Renorm factor too small at timestep {i}: {renorm_factor}\", stop=False)\n",
    "\n",
    "      self.shifted_wfcs = aux.harmonic_oscillator_spectrum(par.x - rt, self.omega, self.order, self.n_max)\n",
    "      self.calculate_energy(par)\n",
    "      self.density_matrix()\n",
    "      self.shifted_density_matrix()"
   ]
  },
  {
   "cell_type": "code",
   "execution_count": 31,
   "metadata": {},
   "outputs": [],
   "source": [
    "# SIMULATION PARAMETERS\n",
    "\n",
    "xmin = -5.0\n",
    "xmax = 5.0\n",
    "num_x = 100\n",
    "tsim = 1\n",
    "desired_dt = 0.01\n",
    "num_t = int(tsim/desired_dt)\n",
    "im_time = True\n",
    "\n",
    "# Initialize the Param object\n",
    "par = Param(xmin, xmax, num_x, tsim, num_t, im_time)\n",
    "\n",
    "# ===========================================================================================================\n",
    "\n",
    "# INITIAL CONDITIONS\n",
    "\n",
    "res = num_x\n",
    "voffset = 0.0\n",
    "wfcoffset = 0.0\n",
    "omega = 1.0\n",
    "order = 8\n",
    "n_max = 5\n",
    "T = 10\n",
    "r_func = lambda t: t / tsim \n",
    "\n",
    "# Initialize the Operators object\n",
    "opr = Operators(res, voffset, wfcoffset, omega, order, n_max, r_func, par, T)"
   ]
  },
  {
   "cell_type": "code",
   "execution_count": 33,
   "metadata": {},
   "outputs": [
    {
     "name": "stdout",
     "output_type": "stream",
     "text": [
      "Energies\n",
      " [0.5000000000105892, 1.500000004539755, 2.5000000161942655, 3.500001497359876, 4.500003249470238, 5.5001196309840354]\n",
      "Density matrix\n",
      " [[ 6.85003219e-07+0.j  1.54737964e-06+0.j  2.60732047e-06+0.j ...\n",
      "  -1.92251666e-06+0.j -1.14594741e-06+0.j -5.08661251e-07+0.j]\n",
      " [ 1.54737964e-06+0.j  3.49548290e-06+0.j  5.88998911e-06+0.j ...\n",
      "  -4.33106151e-06+0.j -2.58164318e-06+0.j -1.14594741e-06+0.j]\n",
      " [ 2.60732047e-06+0.j  5.88998911e-06+0.j  9.92516247e-06+0.j ...\n",
      "  -7.26575384e-06+0.j -4.33106151e-06+0.j -1.92251666e-06+0.j]\n",
      " ...\n",
      " [-1.92251666e-06+0.j -4.33106151e-06+0.j -7.26575384e-06+0.j ...\n",
      "   9.92516247e-06+0.j  5.88998911e-06+0.j  2.60732047e-06+0.j]\n",
      " [-1.14594741e-06+0.j -2.58164318e-06+0.j -4.33106151e-06+0.j ...\n",
      "   5.88998911e-06+0.j  3.49548290e-06+0.j  1.54737964e-06+0.j]\n",
      " [-5.08661251e-07+0.j -1.14594741e-06+0.j -1.92251666e-06+0.j ...\n",
      "   2.60732047e-06+0.j  1.54737964e-06+0.j  6.85003219e-07+0.j]]\n",
      "Shifted density matrix\n",
      " [[ 6.85003219e-07+0.j  1.54737964e-06+0.j  2.60732047e-06+0.j ...\n",
      "  -1.92251666e-06+0.j -1.14594741e-06+0.j -5.08661251e-07+0.j]\n",
      " [ 1.54737964e-06+0.j  3.49548290e-06+0.j  5.88998911e-06+0.j ...\n",
      "  -4.33106151e-06+0.j -2.58164318e-06+0.j -1.14594741e-06+0.j]\n",
      " [ 2.60732047e-06+0.j  5.88998911e-06+0.j  9.92516247e-06+0.j ...\n",
      "  -7.26575384e-06+0.j -4.33106151e-06+0.j -1.92251666e-06+0.j]\n",
      " ...\n",
      " [-1.92251666e-06+0.j -4.33106151e-06+0.j -7.26575384e-06+0.j ...\n",
      "   9.92516247e-06+0.j  5.88998911e-06+0.j  2.60732047e-06+0.j]\n",
      " [-1.14594741e-06+0.j -2.58164318e-06+0.j -4.33106151e-06+0.j ...\n",
      "   5.88998911e-06+0.j  3.49548290e-06+0.j  1.54737964e-06+0.j]\n",
      " [-5.08661251e-07+0.j -1.14594741e-06+0.j -1.92251666e-06+0.j ...\n",
      "   2.60732047e-06+0.j  1.54737964e-06+0.j  6.85003219e-07+0.j]]\n"
     ]
    }
   ],
   "source": [
    "print(\"Energies\\n\", opr.energies)\n",
    "print(\"Density matrix\\n\", opr.rho)\n",
    "print(\"Shifted density matrix\\n\", opr.shifted_rho)"
   ]
  },
  {
   "cell_type": "code",
   "execution_count": 34,
   "metadata": {},
   "outputs": [],
   "source": [
    "opr.split_op(par)"
   ]
  },
  {
   "cell_type": "code",
   "execution_count": 36,
   "metadata": {},
   "outputs": [
    {
     "name": "stdout",
     "output_type": "stream",
     "text": [
      "Energies\n",
      " [0.6954916746814583, 0.903572370770892, 1.3086100686096909, 1.8208256894296544, 2.4002026876805944, 5.990169630984102]\n",
      "Density matrix\n",
      " [[ 1.70219133e-06+6.45541002e-20j  1.88836344e-06+4.14582044e-20j\n",
      "   2.43083897e-06+1.89920259e-20j ...  2.63341021e-06+2.83516994e-19j\n",
      "   1.95364500e-06+2.21598080e-19j  1.50874528e-06+1.52226920e-19j]\n",
      " [ 1.88836344e-06+4.14582044e-20j  3.06652015e-06+2.67083269e-20j\n",
      "   4.70028207e-06+1.30529043e-20j ... -1.60547954e-06+1.80473746e-19j\n",
      "  -7.17777119e-07+1.40474712e-19j  7.51123517e-08+9.53637244e-20j]\n",
      " [ 2.43083897e-06+1.89920259e-20j  4.70028207e-06+1.30529043e-20j\n",
      "   7.60296808e-06+6.82711012e-21j ... -5.57405965e-06+8.33934685e-20j\n",
      "  -3.15935622e-06+6.90039445e-20j -1.14198342e-06+4.66088973e-20j]\n",
      " ...\n",
      " [ 2.63341021e-06+2.83516994e-19j -1.60547954e-06+1.80473746e-19j\n",
      "  -5.57405965e-06+8.33934685e-20j ...  2.51696975e-05+1.22994155e-18j\n",
      "   1.64656164e-05+9.46507144e-19j  9.78214008e-06+6.53633286e-19j]\n",
      " [ 1.95364500e-06+2.21598080e-19j -7.17777119e-07+1.40474712e-19j\n",
      "  -3.15935622e-06+6.90039445e-20j ...  1.64656164e-05+9.46507144e-19j\n",
      "   1.08094829e-05+7.18705232e-19j  6.47854141e-06+4.92153136e-19j]\n",
      " [ 1.50874528e-06+1.52226920e-19j  7.51123517e-08+9.53637244e-20j\n",
      "  -1.14198342e-06+4.66088973e-20j ...  9.78214008e-06+6.53633286e-19j\n",
      "   6.47854141e-06+4.92153136e-19j  3.96768614e-06+3.34306879e-19j]]\n",
      "Shifted density matrix\n",
      " [[ 1.33635358e-10+0.j  3.16476728e-10+0.j  5.73765055e-10+0.j ...\n",
      "  -3.37197234e-07+0.j -2.14763340e-07+0.j -9.93240421e-08+0.j]\n",
      " [ 3.16476728e-10+0.j  7.49490746e-10+0.j  1.35882944e-09+0.j ...\n",
      "  -7.96182738e-07+0.j -5.07109383e-07+0.j -2.34532717e-07+0.j]\n",
      " [ 5.73765055e-10+0.j  1.35882944e-09+0.j  2.46361873e-09+0.j ...\n",
      "  -1.43680358e-06+0.j -9.15179149e-07+0.j -4.23272116e-07+0.j]\n",
      " ...\n",
      " [-3.37197234e-07+0.j -7.96182738e-07+0.j -1.43680358e-06+0.j ...\n",
      "   2.26969129e-03+0.j  1.43134406e-03+0.j  6.58085754e-04+0.j]\n",
      " [-2.14763340e-07+0.j -5.07109383e-07+0.j -9.15179149e-07+0.j ...\n",
      "   1.43134406e-03+0.j  9.02743571e-04+0.j  4.15076903e-04+0.j]\n",
      " [-9.93240421e-08+0.j -2.34532717e-07+0.j -4.23272116e-07+0.j ...\n",
      "   6.58085754e-04+0.j  4.15076903e-04+0.j  1.90856988e-04+0.j]]\n"
     ]
    }
   ],
   "source": [
    "print(\"Energies\\n\", opr.energies)\n",
    "print(\"Density matrix\\n\", opr.rho)\n",
    "print(\"Shifted density matrix\\n\", opr.shifted_rho)"
   ]
  },
  {
   "cell_type": "code",
   "execution_count": null,
   "metadata": {},
   "outputs": [],
   "source": []
  },
  {
   "cell_type": "code",
   "execution_count": null,
   "metadata": {},
   "outputs": [],
   "source": [
    "# After build r_J(t)\n",
    "# Then, understand optimization"
   ]
  }
 ],
 "metadata": {
  "kernelspec": {
   "display_name": "base",
   "language": "python",
   "name": "python3"
  },
  "language_info": {
   "codemirror_mode": {
    "name": "ipython",
    "version": 3
   },
   "file_extension": ".py",
   "mimetype": "text/x-python",
   "name": "python",
   "nbconvert_exporter": "python",
   "pygments_lexer": "ipython3",
   "version": "3.11.5"
  }
 },
 "nbformat": 4,
 "nbformat_minor": 2
}
